communityId1 : [1, 257, 258, 3, 260, 5, 261, 7, 9, 265, 10, 267, 268, 13, 270, 271, 16, 272, 274, 276, 21, 277, 22, 23, 280, 25, 26, 27, 283, 29, 285, 30, 31, 288, 290, 291, 38, 294, 39, 295, 40, 297, 298, 45, 303, 48, 304, 50, 51, 308, 54, 55, 311, 56, 313, 314, 59, 315, 60, 316, 61, 317, 62, 318, 63, 65, 66, 322, 67, 323, 324, 69, 325, 72, 73, 329, 75, 331, 76, 332, 77, 334, 79, 336, 82, 338, 83, 339, 84, 340, 85, 341, 342, 87, 88, 344, 345, 347, 96, 98, 103, 104, 105, 106, 109, 113, 117, 118, 119, 120, 121, 122, 123, 124, 125, 126, 128, 129, 130, 132, 133, 134, 136, 141, 142, 146, 148, 153, 155, 156, 157, 158, 160, 161, 164, 165, 168, 169, 170, 172, 176, 178, 183, 185, 186, 188, 190, 199, 200, 203, 206, 207, 208, 211, 212, 213, 221, 222, 223, 224, 228, 229, 231, 232, 234, 235, 236, 237, 238, 239, 240, 246, 247, 248, 250, 252]
communityId2 : [2, 262, 326, 137, 138, 140, 333, 14, 144, 17, 337, 19, 20, 149, 214, 151, 279, 343, 216, 28, 220, 93, 32, 289, 162, 226, 293, 167, 41, 44, 174, 111, 112, 305, 115, 243, 116, 310, 312]
communityId3 : [147, 6, 327, 89, 154, 219, 95, 319]
communityId4 : [34, 166, 198, 202, 173]
communityId5 : [193, 259, 245, 8, 264, 201, 91, 110]
communityId6 : [256, 233]
communityId7 : [33, 42]
communityId8 : [194, 196, 101, 266, 330, 299, 204, 300, 302, 80, 242, 180, 53, 24, 57, 249, 346, 187, 92, 94, 254, 191]
communityId9 : [301, 47]
communityId10 : [192, 52, 205]
communityId11 : [225, 321, 35, 99, 131, 227, 68, 102, 263, 296, 46, 143, 175, 177, 86, 278]
communityId12 : [273, 306, 195, 275, 4, 181, 152, 328, 218, 78]
communityId13 : [49, 241, 255]
communityId14 : [97, 307, 70, 182, 230, 71, 253]
communityId15 : [145, 179, 90]
communityId16 : [244, 282]
communityId17 : [320, 36, 197, 135, 139, 108, 309, 184, 281, 251, 284, 127, 159]
communityId18 : [64, 81, 163, 100, 150, 217, 58, 107, 171, 189, 269, 286]
